974
170 177
19 147
448 206
62 107
271 639
7 41
701 498
269 285
253 626
136 606
305 225
634 148
31 1
912 875
94 330
439 804
106 420
96 767
247 414
86 542
34 224
210 328
763 16
766 191
514 391
900 312
547 309
924 207
16 90
28 16
817 903
93 948
753 595
96 193
168 43
521 659
77 64
694 153
9 1
852 805
440 894
112 792
27 93
229 186
391 294
165 55
532 510
95 354
974 890
144 148
205 779
594 651
79 9
819 917
326 390
590 643
2 22
223 584
4 108
55 530
663 572
251 161
171 712
56 509
295 945
367 179
341 340
911 921
94 695
607 160
717 814
518 282
337 264
118 196
943 67
125 12
11 35
228 11
972 272
422 212
53 62
415 361
417 338
389 841
935 113
416 44
324 77
316 40
589 196
968 334
62 117
143 713
24 39
221 883
256 271
789 26
674 240
58 371
918 316
58 315
746 410
160 642
665 175
225 255
474 192
343 78
114 242
322 237
546 376
822 623
540 453
142 98
326 654
318 55
102 623
425 661
311 377
352 380
13 67
66 135
110 109
172 217
742 39
524 587
928 419
280 109
404 370
348 197
294 207
24 17
53 43
186 47
696 311
303 309
165 236
118 163
82 230
969 726
790 193
45 20
937 699
512 505
253 229
9 34
69 71
283 213
739 701
359 103
647 778
740 381
579 30
783 103
270 970
831 187
299 200
111 91
279 11
72 394
817 352
800 897
221 799
676 323
622 349
46 49
8 60
33 32
908 259
565 538
221 25
479 429
402 262
787 165
347 71
123 5
850 293
43 65
116 167
355 204
42 7
577 375
292 755
959 739
597 449
214 477
673 819
679 404
187 90
148 963
429 274
96 78
8 523
9 18
696 697
650 253
587 877
902 923
120 132
396 214
372 264
94 581
122 298
248 882
944 144
471 123
825 463
281 77
73 36
4 288
967 752
213 345
235 180
583 251
64 733
699 493
498 522
534 716
230 625
629 844
181 349
936 672
112 741
45 605
154 120
734 503
749 533
575 573
714 950
215 155
477 965
890 136
812 392
191 261
342 398
151 685
670 505
838 896
153 42
687 490
393 331
684 129
79 152
515 759
771 514
340 711
552 241
424 359
27 8
851 697
22 86
76 116
65 103
415 744
886 176
248 206
823 799
211 189
941 457
901 480
830 126
621 40
100 69
475 279
41 78
191 49
417 647
942 617
89 155
914 291
213 439
43 421
197 183
714 250
350 558
709 135
874 393
509 624
485 174
353 180
270 227
134 808
617 419
531 18
3 1
37 57
60 809
152 847
465 132
876 949
364 428
862 423
455 82
501 785
109 101
3 491
270 506
765 516
261 430
43 11
367 458
555 403
572 279
296 368
93 473
147 181
122 615
201 350
106 11
548 402
65 82
775 81
184 413
257 196
241 599
646 678
137 891
613 94
89 20
582 233
114 628
34 115
467 378
872 398
70 5
161 128
289 934
513 226
6 15
319 800
306 567
715 210
315 855
148 846
8 26
217 275
754 113
1 2
516 421
770 486
30 162
272 249
176 953
70 246
181 376
5 223
143 130
557 299
946 813
51 58
457 221
756 905
254 227
106 539
870 378
144 524
409 443
120 1
409 230
433 20
36 3
435 246
438 601
99 5
51 47
730 288
121 157
314 110
869 352
441 815
146 103
26 553
107 456
906 53
308 720
247 185
119 111
938 437
899 550
201 282
167 564
166 170
254 370
249 203
17 4
188 308
128 7
329 314
191 227
462 329
694 732
178 129
641 334
312 211
326 875
362 84
76 929
736 242
680 577
114 690
737 102
743 46
556 177
124 102
119 198
619 89
871 650
683 336
693 88
569 258
56 11
225 486
357 7
534 724
637 342
375 213
71 156
66 98
83 34
527 403
321 211
126 182
572 832
129 200
689 591
387 55
887 137
138 81
244 211
767 964
243 332
499 541
72 56
74 863
42 238
141 149
758 145
498 245
58 369
904 889
121 37
112 640
170 175
267 36
327 407
32 826
707 702
190 153
382 285
79 797
320 80
179 128
411 355
773 2
104 100
649 503
356 400
50 23
419 842
206 172
104 864
201 56
3 40
61 6
96 263
329 392
635 124
453 85
273 102
180 184
74 27
45 598
898 271
66 873
408 438
133 9
558 559
408 299
363 526
971 199
240 303
16 23
644 398
888 145
816 623
140 214
817 951
89 140
661 745
609 348
865 437
66 323
189 454
693 861
880 828
68 41
61 427
342 688
707 710
663 801
20 44
16 7
465 536
148 761
837 553
645 355
692 459
752 192
3 20
431 233
258 867
615 769
473 554
13 84
63 209
426 96
34 698
232 537
866 798
284 201
145 210
188 915
171 876
207 237
255 590
310 517
425 212
88 496
244 274
225 31
118 89
255 878
181 926
344 143
757 495
368 636
171 79
152 317
25 16
112 820
22 399
240 264
207 292
329 543
600 631
525 273
470 431
336 469
401 106
612 493
61 478
521 284
780 290
169 76
122 300
51 480
342 321
145 183
79 101
327 51
174 138
81 71
130 118
155 593
26 102
135 507
48 7
405 203
144 42
99 164
239 100
363 352
209 356
554 580
455 578
59 22
797 824
132 660
57 141
219 134
633 594
16 306
259 68
131 159
418 276
194 154
121 218
661 811
96 544
568 655
452 738
488 85
13 14
39 361
158 481
482 508
489 494
940 303
574 172
954 389
403 387
26 47
204 12
535 476
839 518
447 51
92 66
238 538
246 501
586 111
99 134
290 445
417 489
68 91
95 10
920 870
564 805
57 265
630 311
550 368
85 66
724 774
4 1
514 956
833 778
77 207
166 39
389 211
7 127
56 549
127 240
579 925
55 2
39 677
172 41
121 188
9 37
126 885
588 97
318 768
19 16
608 442
344 519
39 94
173 125
319 551
129 463
311 254
737 764
29 14
794 150
694 907
70 87
105 958
20 302
11 12
476 136
260 726
358 140
408 648
92 220
23 388
616 835
7 222
629 205
472 911
17 573
205 72
323 325
128 189
264 603
362 725
359 440
231 6
13 412
572 913
112 232
504 38
781 341
94 331
776 671
728 927
434 29
336 329
151 59
44 293
57 381
1 10
902 197
406 105
708 69
318 385
126 27
545 160
675 206
747 745
304 197
439 751
591 541
892 740
212 56
289 96
916 914
213 157
502 271
112 32
350 821
369 492
46 26
595 364
346 35
419 219
131 33
154 192
13 383
216 520
509 930
813 500
12 560
5 8
145 121
338 183
102 378
613 719
234 818
681 532
218 705
29 884
854 957
952 74
17 277
75 268
158 533
2 366
484 401
241 90
563 492
692 843
66 291
247 437
245 131
278 176
310 105
203 47
594 772
939 310
270 592
856 739
25 627
442 721
44 528
960 442
456 576
374 141
889 962
364 373
682 542
371 446
86 158
423 204
38 838
432 184
718 408
279 442
339 22
295 762
61 105
644 829
499 329
109 269
29 451
600 264
236 881
37 566
32 16
410 165
2 483
171 784
49 748
729 724
947 865
26 80
375 436
424 750
449 415
452 662
95 262
700 215
71 287
859 328
532 667
699 973
441 119
828 14
33 64
731 184
45 114
919 699
389 604
146 561
76 16
12 961
161 717
2 5
456 646
782 571
137 132
326 196
723 623
706 371
75 335
7 6
857 638
568 107
37 63
11 8
46 756
66 5
169 810
691 140
180 95
276 24
117 791
34 858
443 594
61 666
802 378
496 735
497 22
234 232
879 138
668 703
604 614
657 280
237 266
397 362
236 788
618 588
297 123
854 457
30 8
798 96
653 276
687 777
221 296
868 626
853 563
702 253
147 585
352 104
808 845
728 273
3 490
536 616
283 295
48 88
155 444
461 529
500 363
250 116
199 13
311 570
679 786
638 2
669 545
33 632
50 333
466 433
616 848
173 656
12 54
672 636
441 620
191 459
243 895
806 118
686 181
236 534
290 379
664 359
531 966
195 12
163 602
14 52
365 204
727 547
760 629
19 704
389 668
6 208
505 474
284 893
150 48
256 218
202 68
184 258
849 605
226 171
126 139
468 384
658 245
176 36
351 70
807 39
386 162
126 611
281 461
134 160
38 931
340 183
834 19
97 6
129 109
360 295
495 201
132 216
113 55
795 332
436 803
412 673
